1 0.0581809511473673 0.5021552342744092 0.045094409375 0.5020437015625001 0.04500806009127631 0.5121753794274155 0.05809460186364359 0.5122869121393248
0 0.1776637646757634 0.4892606587227545 0.143381853125 0.4879464671875 0.1428732790011456 0.501213097403323 0.1771551905519089 0.5025272889385775
1 0.2161731187500001 0.5100481921875 0.20237957031250003 0.5100481921875 0.20237957031250003 0.519881215625 0.2161731187500001 0.519881215625
1 0.21916959635753333 0.49318020828721704 0.2041441218194743 0.4928074834490034 0.203903361399441 0.5025131407867863 0.21892883593750004 0.502885865625
1 0.2762885437500001 0.5119242374999999 0.2630412750000001 0.5119242374999999 0.2630412750000001 0.5223642374999999 0.2762885437500001 0.5223642374999999
1 0.2824289362280551 0.4954380884523733 0.2672188140625001 0.49469726093750005 0.2667523307635912 0.5042747507339057 0.2819624529291462 0.5050155782487789
1 0.3301042898082322 0.51021367076393 0.32922079041548485 0.5004234018102603 0.3151594115447527 0.5016923372963304 0.3160429109375 0.51148260625
1 0.360055476185051 0.5225820821430673 0.35998633671602015 0.5127490631555389 0.347011994905969 0.5128402903874716 0.347081134375 0.522673309375
1 0.3738368205305545 0.49854406811466295 0.3590188296875 0.49844935156249986 0.3589503747819455 0.509158822510337 0.373768365625 0.5092535390624998
1 0.1069556000752078 0.9159362831541963 0.0921307312500001 0.9133960109375 0.0904057615481074 0.9234628255843476 0.105230630373315 0.926003097801044
1 0.10060428594412948 0.9637518524940771 0.08693999531250002 0.96186946875 0.0854877569354026 0.9724113188448616 0.099152047567032 0.974293702588939
1 0.10281430848922618 0.9781047794678382 0.0872540109375001 0.9744903484375 0.0848943461982739 0.9846488174071617 0.1004546437500001 0.9882632484375
1 0.16118218451146718 0.9167309607184829 0.1494187031250001 0.9137992515624999 0.14724463423853293 0.9225227017815172 0.159008115625 0.9254544109375
1 0.1341330308970058 0.9387872261483531 0.1278914500000001 0.9381533156250002 0.1252703612904944 0.963960959789147 0.1315119421875001 0.9645948703125004
1 0.19158566484548512 0.9213691726865627 0.17613206562500008 0.9181481921874999 0.174084074217015 0.9279740320009368 0.1895376734375001 0.9311950125000001
1 0.19059129476316652 0.9348445569042017 0.1748600015625001 0.9315429265625002 0.1726321661743336 0.9421579040332982 0.188363459375 0.9454595343750001
1 0.1917563825349219 0.9471745386075808 0.1756428109375001 0.9435460015625003 0.17348939388972553 0.9531088747941424 0.1896029654871473 0.9567374118392232
1 0.230465089274489 0.9301009835040416 0.2153703765625 0.9263241999999999 0.21270275916301112 0.9369858961834584 0.22779747187499996 0.9407626796875
1 0.2283768003839261 0.9439953428815856 0.2147786578125001 0.9402885890625001 0.2123553485124973 0.9491784444358008 0.2259534910839233 0.9528851982548864
1 0.2307857799197544 0.9564019874593176 0.214937753125 0.9521677046875 0.21220978869776017 0.9623778998180144 0.2280578154925145 0.9666121825898318
1 0.2405826847543678 0.9848456523049787 0.2248016625 0.9811584046875003 0.2226232871206323 0.9904816164450214 0.23840430937500007 0.9941688640625002
1 0.2765015746613781 0.9794445440301908 0.2621890578125 0.9767744453125001 0.2603172072552172 0.9868081165255486 0.27462972410409514 0.9894782152432395
1 0.277780396875 0.95443039375 0.2645754875000001 0.95443039375 0.2645754875000001 0.9637639843749999 0.277780396875 0.9637639843749999
1 0.2793968397786946 0.9446459093151603 0.2651323203125001 0.941137096875 0.2629356481799651 0.9500673184042994 0.2772001676461595 0.9535761308444596
1 0.2812683707725679 0.9309219470060354 0.2663558718750001 0.9273871328125004 0.2641109931519015 0.9368577158899944 0.27902349204946925 0.9403925300835297
1 0.3053852629905512 0.9501382672217171 0.29173312500000015 0.9480726953125 0.2901315527721843 0.9586580857113572 0.3037836907627355 0.9607236576205745
1 0.30871011233108114 0.928297833826013 0.2976299156250001 0.9264511343749998 0.296237301731419 0.9348068177364866 0.3073174984375001 0.9366535171875
1 0.3090303384927273 0.9171349525500382 0.29768256406250004 0.91428315625 0.2956537705505055 0.9223560649424322 0.3070015449807328 0.9252078612424705
1 0.3102224671352911 0.9060314818867355 0.2991567625000002 0.9031447765624999 0.2971665651161784 0.9107738671490612 0.3082322697514693 0.9136605724732962
1 0.3115184105005327 0.8939926963959979 0.29694546562499996 0.8903216 0.29458932158440426 0.8996746524722397 0.309162266459937 0.9033457488682377
1 0.31200336089342556 0.8702616838475855 0.3003878718750001 0.8683701031249998 0.2988714697486358 0.8776817608491418 0.3104869587670613 0.8795733415717274
1 0.31354139907791256 0.8581452338613671 0.3002288953125001 0.856923728125 0.2992862702573161 0.867196868252717 0.31259877402272856 0.8684183739890841
1 0.3589782348444003 0.8319719643483449 0.3536119884183515 0.829662344040447 0.3442548176364513 0.8514030968796024 0.3496210640625001 0.8537127171875
1 0.39006341800464644 0.7977769021163355 0.37351749375 0.79389800625 0.3708820960578537 0.8051396306961646 0.3874280203125001 0.8090185265624998
1 0.3892746127213313 0.7855239149156222 0.37534573437500013 0.782169003125 0.3731189189040156 0.7914142661097887 0.38704779725034677 0.794769177900411
1 0.3919246810406408 0.7734959604588365 0.3762201109375001 0.7705813140625 0.3745055548968594 0.7798196098536636 0.3902101250000001 0.7827342562500001
1 0.3918315059040439 0.7621783784224962 0.3765380656250001 0.7592762515625 0.3748621537195818 0.7681078636438847 0.3901555939986257 0.7710099905038809
1 0.39369678360387844 0.7372764948965537 0.3790817046875001 0.7349703671875 0.3775926228742615 0.7444074196664174 0.3922077017906398 0.7467135473754712
1 0.3974127952399113 0.7071904007576384 0.3915800101881048 0.706830555238918 0.3901800165106935 0.7295232435437795 0.3960128015625 0.7298830890625
1 0.4296049830319621 0.7152881883776597 0.42392751664984535 0.715023631867482 0.4227667336178834 0.7399344028648221 0.4284442000000002 0.7401989593750001
1 0.4418375359692009 0.7185740712357269 0.4365683309421103 0.7182831337036935 0.4352572809104095 0.7420277202804665 0.4405264859375002 0.7423186578125001
1 0.5045494797454032 0.6554789216216923 0.4989933681574505 0.6550926470746021 0.49721004153704734 0.6807437332654097 0.5027661531250001 0.6811300078125
1 0.5115485796520025 0.6574166147409598 0.5059542325311146 0.6570981866043746 0.5045642575666122 0.6815181468634149 0.5101586046875001 0.6818365750000002
1 0.5662903484896293 0.6683145012588496 0.5601570078125 0.6679878734375001 0.5588724796353707 0.6921084424911504 0.5650058203125001 0.6924350703125
1 0.6404053337383279 0.6585859367696101 0.6349383626193716 0.6582086153622843 0.6333043820060437 0.6818831926551744 0.6387713531250001 0.6822605140625001
1 0.6481407399362624 0.6614691769044501 0.6426463824473385 0.6610301744574895 0.6405899565735761 0.6867674772405394 0.6460843140625 0.6872064796875
1 0.6553379333586699 0.6614617302510276 0.6498997734375 0.6610635218750001 0.6481180947663304 0.6853951384989726 0.6535562546875002 0.6857933468750002
1 0.6631995367046702 0.6641796581340045 0.6570537578125001 0.6636071609374999 0.65488241485783 0.6869166090534955 0.6610281937500001 0.6874891062499999
1 0.6837148320157607 0.6718155529675642 0.678420559482698 0.6715058381112514 0.6773548540294374 0.6897230304561875 0.6826491265625001 0.6900327453125001
1 0.6915251437205681 0.6699862781483628 0.6857491859375 0.6695423187500001 0.6839476640919322 0.6929803046641374 0.6897236218750001 0.6934242640625001
1 0.6653772918228266 0.7192039306115874 0.6593690062805234 0.7188369959593461 0.6578020128951969 0.7444953622227589 0.6638102984375001 0.7448622968749999
1 0.672581174906751 0.7227670967630634 0.6669780383110198 0.7225202719035693 0.6659175680917688 0.746593857953006 0.6715207046875001 0.7468406828125
1 0.6803330311761452 0.7235959186439557 0.6746491069987844 0.7232277553015266 0.6730702539476394 0.747603025720071 0.6787541781250002 0.7479711890625
1 0.6880715896284088 0.7232155248203253 0.682410659375 0.7226761125000001 0.6798497900590916 0.749551476742175 0.6855107203125002 0.7500908890625002
1 0.7016828667538082 0.7295723158805498 0.6960767718350506 0.7292981048844871 0.6947690160187423 0.7560344624414372 0.7003751109375 0.7563086734375001
1 0.7091991457820683 0.7297500259696218 0.7031284159348086 0.7293157758443337 0.7012993873402406 0.7548852295622122 0.7073701171875002 0.7553194796875002
1 0.7226574356093219 0.7347150968445789 0.7168252732694287 0.734533959919247 0.716084390785107 0.7583885490121682 0.7219165531250001 0.7585696859375001
1 0.7592175779114393 0.7427964856207385 0.7532351093749999 0.7424599718750001 0.7518629861510611 0.7668532815667616 0.7578454546875002 0.7671897953125001
1 0.8007161371201182 0.6942405226570256 0.7943307765625001 0.6937068890625001 0.792237808192382 0.7187509601554746 0.7986231687500002 0.7192845937500002
1 0.8218104628820008 0.6996226034738896 0.8155542656250002 0.6992181078125 0.8139084136804994 0.7246739418386106 0.8201646109375 0.7250784375000002
1 0.851928597327363 0.7062589702528725 0.8452830468749999 0.70571851875 0.8433273307976369 0.7297665781846275 0.84997288125 0.7303070296875
1 0.8541922818418491 0.7643315363645694 0.8475087312500001 0.7640809031250003 0.8467073447206511 0.7854512026979308 0.8533908953125002 0.7857018359375001
1 0.8696661825442892 0.7655749620499398 0.8631680093750002 0.7650700968750002 0.861121203393211 0.7914147535750604 0.8676193765625001 0.79191961875
1 0.8768777314309081 0.7660510901363182 0.8704688675185718 0.7657691358944335 0.8693183626501636 0.7919202910706153 0.8757272265625 0.7922022453124999
1 0.8814765568316225 0.7135650981358137 0.8745205610687019 0.713194660731304 0.8732225995495794 0.7375675094704904 0.8801785953125001 0.7379379468750001
1 0.9067808382769281 0.7741632042835362 0.8996533312500002 0.7736902062500001 0.8979310570355724 0.7996427910289637 0.9050585640625002 0.8001157890625
1 0.936268872685287 0.7837882203512337 0.9299230708507473 0.7834399749146875 0.92860052004046 0.8075397748759536 0.9349463218749999 0.8078880203125002
1 0.9483652919278239 0.7312952157754015 0.9404878737614993 0.7308436437718939 0.9391511896461753 0.7541613420589927 0.9470286078125 0.7546129140625002
1 0.5655453761402317 0.8066995028214453 0.5598705072206346 0.8062020306660133 0.557651873267903 0.831510898157068 0.5633267421875001 0.8320083703125001
1 0.5728487266865036 0.808824585055337 0.567359497462482 0.8085618028306558 0.5661420832759785 0.8339922349628189 0.5716313125000002 0.8342550171875001
1 0.5967182250579263 0.8129870222070102 0.5911432224694954 0.8126338758767598 0.5895859286615692 0.8372183505447497 0.5951609312500001 0.8375714968750001
1 0.6190548913699516 0.9599844774955468 0.6144327722454039 0.9599153301018517 0.6141383480629525 0.9795959510438051 0.6187604671875003 0.9796650984375005
1 0.6851453569975537 0.764920149594502 0.6688238125000001 0.7617897843750001 0.6667605475789988 0.7725475291929419 0.6830820920765525 0.7756778944124438
1 0.7439739964913774 0.9695335840646149 0.7370840050370611 0.9649312856222254 0.7247451194831835 0.9834035374951108 0.7316351109375001 0.9880058359375002
1 0.7821442641660267 0.9351925935798743 0.7755819808727619 0.9300375242146662 0.7625285495192352 0.9466542384472919 0.7690908328125 0.9518093078125002
1 0.8240536004348312 0.9749193244991619 0.8173923061645272 0.9704472305586082 0.806783283854696 0.9862496310594464 0.8134445781250002 0.9907217250000001
1 0.4055386703125 0.54206553125 0.4054544625 0.5317361953125 0.3915625280310124 0.5318494464856738 0.3916467358435124 0.5421787824231736
1 0.4194860062578138 0.5148074104302984 0.40567203437499993 0.5146896781250001 0.40558372811718635 0.5250509817572019 0.4193977000000002 0.5251687140625002
1 0.44241741801320006 0.5100465540710619 0.4423281009550095 0.4995668455635962 0.428940234375 0.49968094843749994 0.42902955143319066 0.5101606569449658
1 0.43677929375 0.5336823015625001 0.4240641078125 0.5336823015625001 0.4240641078125 0.5435625359375 0.43677929375 0.5435625359375
1 0.4599878400130128 0.5169073222929721 0.4464116796875002 0.5167564750000001 0.4463085646744875 0.5260367605195282 0.4598847250000002 0.5261876078125001
1 0.4560642463602608 0.5437450353718118 0.4559783843750001 0.5342811046875001 0.4430931286397393 0.5343980068156883 0.443178990625 0.5438619375
1 0.46139610998072755 0.4820930455394652 0.457157275 0.47425120156249995 0.4423084165817722 0.4822776122730349 0.44654725156249975 0.49011945625000003
1 0.4829288672089246 0.5426837350837823 0.4828402687500001 0.5332332015625 0.4689417984160754 0.5333634992912177 0.4690303968749999 0.5428140328125001
1 0.5062379291707884 0.5197939068971048 0.49289368749999996 0.5194897640625 0.4926856208222015 0.5286186723130886 0.50602986249299 0.5289228151476932
1 0.5177024015625 0.4083688750000001 0.5123096671875 0.4083688750000001 0.5123096671875 0.43264255 0.5177024015625 0.43264255
1 0.5058432456652552 0.3635241368854465 0.5003498214735492 0.3631442127521467 0.49855503518329397 0.3890955055542002 0.504048459375 0.38947542968750004
1 0.543664417423366 0.3643266553150173 0.5413761265625001 0.3405605406249999 0.536104621639134 0.3410681009349825 0.5383929124999999 0.36483421562499996
2 0.5383112140624999 0.2278965734375 0.5324595234375 0.2278965734375 0.5324595234375 0.2554339359375 0.5383112140624999 0.2554339359375
1 0.5817106813774306 0.4644763844947833 0.5691959781250001 0.4474776359375001 0.5640245717475693 0.4512848936302168 0.576539275 0.46828364218749996
1 0.5576943546875001 0.5206632171875 0.5439256734375 0.5206632171875 0.5439256734375 0.530862240625 0.5576943546875001 0.530862240625
1 0.579122825 0.504956721875 0.565583621875 0.504956721875 0.565583621875 0.514747784375 0.579122825 0.514747784375
1 0.6308387501784286 0.5223037574121169 0.6170109328125001 0.5218870999999999 0.6167223185715713 0.5314654847753835 0.6305501359375001 0.5318821421875002
1 0.6905417194252287 0.5160103418615093 0.6904196609375 0.5051607031249999 0.6757257493247711 0.5053260097009908 0.6758478078124999 0.5161756484374999
1 0.6959965328124998 0.5206632171875 0.6817688953125 0.5206632171875 0.6817688953125 0.530862240625 0.6959965328124998 0.530862240625
1 0.7315619063843056 0.506796064009817 0.7188329575332485 0.506377003932313 0.7185307187499999 0.51555750625 0.7312596676010569 0.5159765663275041
1 0.7689407709477687 0.524866674487229 0.7553270624999999 0.524229775 0.7548980660884299 0.5333995611112502 0.7685117745361985 0.534036460598479
1 0.8316685990951992 0.5271035002273551 0.8200989765625 0.526683740625 0.8197662341171867 0.5358549530791852 0.831335856649886 0.5362747126815401
1 0.8669960187499999 0.5097471625000002 0.8519652078125001 0.5097471625000002 0.8519652078125001 0.5205581265625002 0.8669960187499999 0.5205581265625002
1 0.9419484647044702 0.4969661005234484 0.9250536216971948 0.4964816605401053 0.9247647569927248 0.5065558162666569 0.9416596000000002 0.50704025625
1 0.9470277659519535 0.537731259030982 0.9468872612514655 0.5262409905517784 0.930789895299512 0.5264378315207965 0.9309304 0.5379281
1 0.5207673755182102 0.7755631533216004 0.5144993410019121 0.7752305335054201 0.5131113279837021 0.80138686299632 0.5193793625000002 0.8017194828125002
